[2 S, 3 D],50.0,42.0,5.0,1.0,2.0,0.0,0.0,0.0,0.0,
[2 S, 4 D],56.0,38.0,2.0,3.0,1.0,0.0,0.0,0.0,0.0,
[2 S, 5 D],44.0,51.0,3.0,1.0,1.0,0.0,0.0,0.0,0.0,
[2 S, 6 D],53.0,44.0,3.0,0.0,0.0,0.0,0.0,0.0,0.0,
[2 S, 7 D],54.0,40.0,5.0,1.0,0.0,0.0,0.0,0.0,0.0,
[2 S, 8 D],46.0,48.0,4.0,2.0,0.0,0.0,0.0,0.0,0.0,
[2 S, 9 D],52.0,46.0,1.0,1.0,0.0,0.0,0.0,0.0,0.0,
[2 S, 10 D],52.0,38.0,8.0,2.0,0.0,0.0,0.0,0.0,0.0,
[2 S, 11 D],65.0,31.0,1.0,3.0,0.0,0.0,0.0,0.0,0.0,
[2 S, 12 D],57.0,39.0,2.0,2.0,0.0,0.0,0.0,0.0,0.0,
[2 S, 13 D],60.0,33.0,4.0,3.0,0.0,0.0,0.0,0.0,0.0,
[2 S, 14 D],51.0,43.0,5.0,1.0,0.0,0.0,0.0,0.0,0.0,
[3 S, 4 D],49.0,39.0,8.0,4.0,0.0,0.0,0.0,0.0,0.0,
[3 S, 5 D],55.0,39.0,5.0,0.0,1.0,0.0,0.0,0.0,0.0,
[3 S, 6 D],60.0,31.0,6.0,3.0,0.0,0.0,0.0,0.0,0.0,
[3 S, 7 D],49.0,47.0,1.0,2.0,1.0,0.0,0.0,0.0,0.0,
[3 S, 8 D],48.0,46.0,3.0,3.0,0.0,0.0,0.0,0.0,0.0,
[3 S, 9 D],66.0,27.0,3.0,3.0,0.0,0.0,1.0,0.0,0.0,
[3 S, 10 D],44.0,46.0,9.0,1.0,0.0,0.0,0.0,0.0,0.0,
[3 S, 11 D],58.0,40.0,1.0,1.0,0.0,0.0,0.0,0.0,0.0,
[3 S, 12 D],59.0,35.0,5.0,1.0,0.0,0.0,0.0,0.0,0.0,
[3 S, 13 D],51.0,41.0,7.0,1.0,0.0,0.0,0.0,0.0,0.0,
[3 S, 14 D],56.0,36.0,7.0,0.0,1.0,0.0,0.0,0.0,0.0,
[4 S, 5 D],62.0,35.0,3.0,0.0,0.0,0.0,0.0,0.0,0.0,
[4 S, 6 D],55.0,39.0,2.0,3.0,1.0,0.0,0.0,0.0,0.0,
[4 S, 7 D],54.0,44.0,1.0,0.0,1.0,0.0,0.0,0.0,0.0,
[4 S, 8 D],55.0,42.0,1.0,2.0,0.0,0.0,0.0,0.0,0.0,
[4 S, 9 D],46.0,47.0,5.0,2.0,0.0,0.0,0.0,0.0,0.0,
[4 S, 10 D],54.0,41.0,3.0,2.0,0.0,0.0,0.0,0.0,0.0,
[4 S, 11 D],63.0,32.0,4.0,1.0,0.0,0.0,0.0,0.0,0.0,
[4 S, 12 D],52.0,44.0,2.0,2.0,0.0,0.0,0.0,0.0,0.0,
[4 S, 13 D],51.0,40.0,7.0,2.0,0.0,0.0,0.0,0.0,0.0,
[4 S, 14 D],59.0,35.0,4.0,1.0,1.0,0.0,0.0,0.0,0.0,
[5 S, 6 D],50.0,47.0,1.0,2.0,0.0,0.0,0.0,0.0,0.0,
[5 S, 7 D],52.0,42.0,3.0,2.0,1.0,0.0,0.0,0.0,0.0,
[5 S, 8 D],49.0,46.0,1.0,3.0,0.0,0.0,1.0,0.0,0.0,
[5 S, 9 D],48.0,43.0,8.0,1.0,0.0,0.0,0.0,0.0,0.0,
[5 S, 10 D],61.0,35.0,2.0,2.0,0.0,0.0,0.0,0.0,0.0,
[5 S, 11 D],57.0,38.0,5.0,0.0,0.0,0.0,0.0,0.0,0.0,
[5 S, 12 D],64.0,33.0,3.0,0.0,0.0,0.0,0.0,0.0,0.0,
[5 S, 13 D],57.0,40.0,2.0,1.0,0.0,0.0,0.0,0.0,0.0,
[5 S, 14 D],61.0,36.0,3.0,0.0,0.0,0.0,0.0,0.0,0.0,
[6 S, 7 D],52.0,44.0,2.0,1.0,1.0,0.0,0.0,0.0,0.0,
[6 S, 8 D],57.0,36.0,6.0,1.0,0.0,0.0,0.0,0.0,0.0,
[6 S, 9 D],57.0,37.0,5.0,0.0,1.0,0.0,0.0,0.0,0.0,
[6 S, 10 D],51.0,40.0,7.0,2.0,0.0,0.0,0.0,0.0,0.0,
[6 S, 11 D],46.0,46.0,6.0,1.0,0.0,0.0,1.0,0.0,0.0,
[6 S, 12 D],60.0,36.0,3.0,1.0,0.0,0.0,0.0,0.0,0.0,
[6 S, 13 D],51.0,43.0,4.0,2.0,0.0,0.0,0.0,0.0,0.0,
[6 S, 14 D],46.0,45.0,8.0,1.0,0.0,0.0,0.0,0.0,0.0,
[7 S, 8 D],49.0,45.0,3.0,3.0,0.0,0.0,0.0,0.0,0.0,
[7 S, 9 D],59.0,38.0,2.0,1.0,0.0,0.0,0.0,0.0,0.0,
[7 S, 10 D],51.0,40.0,8.0,1.0,0.0,0.0,0.0,0.0,0.0,
[7 S, 11 D],55.0,36.0,4.0,3.0,2.0,0.0,0.0,0.0,0.0,
[7 S, 12 D],49.0,48.0,3.0,0.0,0.0,0.0,0.0,0.0,0.0,
[7 S, 13 D],44.0,49.0,3.0,4.0,0.0,0.0,0.0,0.0,0.0,
[7 S, 14 D],59.0,38.0,1.0,2.0,0.0,0.0,0.0,0.0,0.0,
[8 S, 9 D],53.0,39.0,6.0,2.0,0.0,0.0,0.0,0.0,0.0,
[8 S, 10 D],46.0,48.0,3.0,3.0,0.0,0.0,0.0,0.0,0.0,
[8 S, 11 D],52.0,41.0,6.0,1.0,0.0,0.0,0.0,0.0,0.0,
[8 S, 12 D],55.0,40.0,2.0,2.0,1.0,0.0,0.0,0.0,0.0,
[8 S, 13 D],52.0,40.0,6.0,2.0,0.0,0.0,0.0,0.0,0.0,
[8 S, 14 D],55.0,43.0,1.0,1.0,0.0,0.0,0.0,0.0,0.0,
[9 S, 10 D],55.0,41.0,3.0,1.0,0.0,0.0,0.0,0.0,0.0,
[9 S, 11 D],46.0,45.0,5.0,1.0,3.0,0.0,0.0,0.0,0.0,
[9 S, 12 D],63.0,30.0,5.0,2.0,0.0,0.0,0.0,0.0,0.0,
[9 S, 13 D],59.0,35.0,5.0,1.0,0.0,0.0,0.0,0.0,0.0,
[9 S, 14 D],55.0,40.0,3.0,2.0,0.0,0.0,0.0,0.0,0.0,
[10 S, 11 D],47.0,41.0,10.0,0.0,2.0,0.0,0.0,0.0,0.0,
[10 S, 12 D],49.0,43.0,5.0,3.0,0.0,0.0,0.0,0.0,0.0,
[10 S, 13 D],44.0,51.0,4.0,0.0,1.0,0.0,0.0,0.0,0.0,
[10 S, 14 D],44.0,44.0,4.0,7.0,1.0,0.0,0.0,0.0,0.0,
[11 S, 12 D],57.0,36.0,5.0,1.0,1.0,0.0,0.0,0.0,0.0,
[11 S, 13 D],58.0,34.0,6.0,0.0,2.0,0.0,0.0,0.0,0.0,
[11 S, 14 D],50.0,47.0,2.0,1.0,0.0,0.0,0.0,0.0,0.0,
[12 S, 13 D],51.0,43.0,3.0,2.0,1.0,0.0,0.0,0.0,0.0,
[12 S, 14 D],56.0,39.0,4.0,1.0,0.0,0.0,0.0,0.0,0.0,
[13 S, 14 D],51.0,44.0,3.0,1.0,1.0,0.0,0.0,0.0,0.0,
